AC M00868
XX
P0      A      C      G      T
01 0.17792023930521300157 0.29334088300579297393 0.25248083782105201767 0.27625803986794200684      N
02 0.17352211973630099484 0.07197401007607910628 0.21194039564055999758 0.54256347454705999844      T
03 0.065209004215550703254 0.11415961044106100186 0.1436812868290839873 0.6769500985143039884      T
04 0.0078335796602834999874 0.8612799331430349703 0.12131853139366699512 0.0095679558030145207131      C
05 0.034537502415903101327 0.27370359748265299382 0.31483407682981801035 0.37692482327162601941      N
06 0.36481474127256602324 0.18116163914383701106 0.21906963923858399634 0.23495398034501299711      N
07 0.24304410530512998712 0.21129239451714398879 0.2823769640296049932 0.26328653614812097539      N
08 0.29523344834422798888 0.20804749474705899748 0.26448020091297702594 0.2322388559957359877      N
XX
//
AC M08402
XX
P0      A      C      G      T
01      0 0.71428571428599996196      0 0.28571428571399998253      C
02      0 0.80952380952400004865 0.19047619047600000686      0      C
03      0      0      0      1      T
04      0      1      0      0      C
05      0      0      1      0      G
06      0      0 0.17006802721100000575 0.82993197278899999425      T
07 0.91836734693881605374 0.081632653061183696463      0      0      A
08      0      1      0      0      C
XX
//
AC M06865
XX
P0      A      C      G      T
01 0.30833300000000002372 0.091666999999999998483 0.14499999999999999001 0.45500000000000001554      W
02 0.27666699999999999626 0.12666700000000000181 0.16000000000000000333 0.43666700000000002735      N
03 0.29666700000000001403 0.086666999999999994042 0.12833300000000000263 0.48833300000000001706      W
04 0.19166700000000000403 0.13333300000000000707 0.17000000000000001221 0.50500000000000000444      T
05 0.083333000000000004293 0.2183329999999999993 0.053332999999999998464 0.64500000000000001776      T
06 0.42833300000000001928 0.21166699999999999404 0.038332999999999999019 0.32166699999999998072      N
07 0.55333299999999996377 0.34833300000000000374 0.061666999999999999593 0.036666999999999998205      M
08      0      1      0      0      C
09      0      0      0      1      T
10      0      0      0      1      T
11 0.0016670000000000000789      0      0 0.99833300000000002594      T
12 0.23499999999999998668 0.0050000000000000001041      0 0.76000000000000000888      T
13 0.033333000000000001517 0.056667000000000002091 0.028333000000000000546 0.8816669999999999785      T
14 0.14999999999999999445 0.28999999999999998002 0.32333299999999998153 0.23666699999999998849      N
XX
//
AC M00852
XX
P0      A      C      G      T
01 0.21410913364634900913 0.27218605421294100877 0.20986948874371899598 0.30383532339699198532      N
02 0.028039920312183698459 0.085083167562633205128 0.33483210256297402108 0.55204480956220902677      K
03 0.029468087952561498877 0.061148657848057598463 0.88298473510906605455 0.026398519090315399754      G
04 3.8944736988244999974e-05 0.18389930649837599175 0.0082020847605492400167 0.80785966400408604215      T
05 0.11060771115302800438 0.63650343039998102945 0.087881543210477197636 0.16500731523651299137      C
06 0.091508756882621403173 0.24627152100316598848 0.41839864368746199075 0.2438210784267509923      N
07 0.16839864954388700236 0.2889732381736210276 0.36735698347895101579 0.17527112880354100977      N
08 0.22196743345105499068 0.2936917285532300026 0.25788936494741399041 0.22645147304830098856      N
XX
//
AC M01712
XX
P0      A      C      G      T
01 0.19223305860497999498 0.63188567425122399435 0.054527681111271299186 0.12135358603252499599      C
02 0.58022822338586299562 0.073216551960865197679 0.12438996564082900609 0.2221652590124419957      A
03 0.037505424049901300854 0.66148384624012601662 0.07860895024253569674 0.22240177946743699966      C
04 0.18266527535608401145 0.0010593498622513100767 0.73337369027142695899 0.08290168451023710583      G
05 0.0089543540267928607712 0.11699601764527399472 0.00087122056508378100705 0.87317840776284905147      T
06 0.089853970524086404503 0.0027406244706467399949 0.72646172860680502392 0.18094367639846201112      G
07 0.17180491841859699131 0.34253013449880398422 0.25375256478212898648 0.23191238230047001023      N
08 0.22987032296174600421 0.24653780200110800291 0.26441380963149502259 0.2591780654056510258      N
09 0.25055587790453598407 0.21350963515109599999 0.23596463949394799742 0.29996984745041999076      N
10 0.30252572217224599216 0.22636897616797199695 0.20278905602716298939 0.2683162456326190215      N
XX
//
AC M01940
XX
P0      A      C      G      T
01 0.37131261751733601884 0.20998673093637801323 0.24154223469808699942 0.17715841684819899626      N
02 0.083582287675772901081 0.76191242964950001149 0.073393224915595398072 0.081112057759131300783      C
03 0.075076124157905904655 0.015619225945230999844 0.25176663008495697715 0.65753801981190596049      T
04 0.1182694861439879952 0.00069278595298847102987 0.066218892113034097391 0.81481883578999003692      T
05 0.10385243814964099929 0.018411418226671298626 0.071020674707710201856 0.80671546891597700757      T
06 0.35608334598433299956 0.12712423308127099308 0.090483256416400606459 0.42630916451799599765      W
07 0.21523485133125699886 0.23316113095694299129 0.17101132181913500374 0.38059269589266497835      N
XX
//
AC M07412
XX
P0      A      C      G      T
01 0.2883439999999999892 0.12883400000000000407 0.12883400000000000407 0.45398800000000000265      N
02 0.47239300000000000734 0.12883400000000000407 0.17791399999999998882 0.22085899999999999976      N
03 0.33742299999999997295 0.073620000000000004881 0.3312880000000000269 0.25766899999999998139      N
04 0.50306700000000004191 0.11042899999999999938 0.15337400000000001032 0.23312900000000000289      A
05 0.50920200000000004348 0.11656400000000000095 0.13496900000000000563 0.23926400000000000445      A
06 0.26380399999999998295 0.17791399999999998882 0.31288300000000002221 0.24539900000000000602      N
07 0.39263799999999998702 0.19018399999999999195 0.17791399999999998882 0.23926400000000000445      N
08 0.30061300000000001909 0.28220899999999998764 0.16564400000000001345 0.25153399999999997982      N
09 0.51533700000000004504 0.20245399999999999507 0.14723900000000000876 0.13496900000000000563      A
10 0.63803699999999996528 0.23926400000000000445 0.067485000000000003317 0.055215000000000000191      A
11 0.96318999999999999062      0 0.01840500000000000122 0.01840500000000000122      A
12      1      0      0      0      A
13 0.99386499999999999844      0 0.0061349999999999998285      0      A
14 0.012269999999999999657      0 0.97545999999999999375 0.012269999999999999657      G
15      0 0.15337400000000001032 0.0061349999999999998285 0.84049099999999998811      T
16      0      1      0      0      C
17 0.99386499999999999844      0 0.0061349999999999998285      0      A
18 0.99386499999999999844      0      0 0.0061349999999999998285      A
19 0.19018399999999999195 0.79754599999999997717 0.0061349999999999998285 0.0061349999999999998285      C
20 0.01840500000000000122 0.061350000000000001754 0.84662599999999998968 0.073620000000000004881      G
21 0.36196299999999997921 0.30674800000000002065 0.22699400000000000133 0.10429399999999999782      N
XX
//
AC M01673
XX
P0      A      C      G      T
01 0.27246398403431199009 0.24901333187598401198 0.23686880837539800448 0.24165387571430599345      N
02 0.2619984488102299891 0.27543139652722198329 0.23706599995487800947 0.22550415470766899118      N
03 0.23838142910487500337 0.24077720229673499341 0.29408593897738799505 0.22675542962100200817      N
04 0.28628306944768799891 0.22519823858832899166 0.25646214597346900232 0.23205654599051400711      N
05 0.59482288871699495747 0.0085699654057117893857 0.34318295288711797575 0.05342419299017499984      R
06 0.34999635336488099657 0.21657193067245700258 0.01441000469764600056 0.41902171126501597254      W
07 0.39492186127721501387 0.092636934797018899435 0.1621769342455270102 0.35026426968023899322      N
08 0.37910417365387399924 0.11533155094512199945 0.19206061627182299811 0.31350365912918098932      N
09 0.35537530435997399803 0.18367620032431800081 0.19503410223297198978 0.26591439308273601139      N
XX
//
AC M07014
XX
P0      A      C      G      T
01 0.25416699999999997628 0.14999999999999999445 0.1375000000000000111 0.45833299999999999041      N
02 0.37916699999999997628 0.025000000000000001388 0.58333299999999999041 0.012500000000000000694      R
03 0.0041669999999999996973 0.99166699999999996518      0 0.0041669999999999996973      C
04      0      1      0      0      C
05 0.0041669999999999996973      0      0 0.99583299999999996821      T
06      1      0      0      0      A
07      1      0      0      0      A
08 0.020833000000000000823 0.63333300000000003482  0.125 0.22083300000000000152      C
09  0.125 0.091666999999999998483 0.029166999999999998483 0.75416700000000003179      T
10 0.2874999999999999778 0.10833299999999999874 0.050000000000000002776 0.55416699999999996518      W
11 0.2000000000000000111 0.12916700000000000403 0.19583300000000000707 0.4749999999999999778      N
12 0.24583299999999999597 0.1375000000000000111 0.079167000000000001259 0.5374999999999999778      T
13 0.20416699999999998738 0.17083300000000001262 0.29166700000000000959 0.33333299999999999041      N
14 0.16250000000000000555 0.16666700000000000959 0.14999999999999999445 0.52083299999999999041      T
15 0.24166699999999999293 0.16666700000000000959 0.14999999999999999445 0.44166699999999997628      N
XX
//
AC M01602
XX
P0      A      C      G      T
01 0.34600614439324101079 0.4612135176651310231 0.19239631336405499384 0.00038402457757296499467      M
02 0.00024975024975025002108 0.00024975024975025002108 0.99925074925074897081 0.00024975024975025002108      G
03 0.00024366471734892799724 0.99926900584795297355 0.00024366471734892799724 0.00024366471734892799724      C
04 0.12207602339181300444 0.87743664717348901494 0.00024366471734892799724 0.00024366471734892799724      C
05 0.024610136452241700156 0.00024366471734892799724 0.9749025341130600486 0.00024366471734892799724      G
06 0.00024366471734892799724 0.95053606237816801183 0.048976608187134500205 0.00024366471734892799724      C
07 0.00024366471734892799724 0.99926900584795297355 0.00024366471734892799724 0.00024366471734892799724      C
08 0.24139118457300298703 0.10365013774104700484 0.48243801652892598364 0.17252066115702499594      N
XX
//
AC M06677
XX
P0      A      C      G      T
01 0.18088699999999999224 0.56313999999999997392 0.046074999999999997902 0.20989800000000000124      C
02 0.18942000000000000504 0.10238899999999999391 0.34812300000000001576 0.36006799999999999917      N
03 0.029010000000000001064 0.65187700000000003975 0.18600700000000000567 0.13310600000000000209      C
04 0.10580199999999999327 0.8924910000000000343      0 0.0017060000000000000511      C
05 0.035835999999999999799      0 0.92832800000000004204 0.035835999999999999799      G
06      0 0.99829400000000001469 0.0017060000000000000511      0      C
07      0      1      0      0      C
08 0.02730399999999999841      0 0.97099000000000001975 0.0017060000000000000511      G
09      0 0.96416400000000002102      0 0.035835999999999999799      C
10      0      1      0      0      C
11 0.39078499999999999348      0 0.52389099999999999557 0.085323999999999997068      R
12 0.081910999999999997701 0.53242299999999997961 0.063140000000000001679 0.32252599999999997937      Y
13 0.19965900000000000314 0.43856699999999998463 0.075084999999999998965 0.28668900000000002715      N
14 0.3754270000000000107 0.061433000000000001495 0.3088739999999999819 0.25426599999999999202      N
15 0.1825940000000000063 0.47440300000000001912 0.097269999999999995355 0.24573400000000000798      N
XX
//
AC M06636
XX
P0      A      C      G      T
01 0.23505999999999999117 0.28286899999999998156 0.12748999999999999222 0.35458200000000000829      N
02 0.26294800000000001505 0.29880499999999998728 0.13944200000000001038 0.29880499999999998728      N
03 0.31075700000000000545 0.16733100000000000751 0.22709199999999998831 0.29482099999999999973      N
04 0.27888400000000002077 0.28286899999999998156 0.13545799999999999508 0.30278899999999997483      N
05 0.23904400000000000648 0.29880499999999998728 0.15139400000000000079 0.31075700000000000545      N
06 0.15537799999999998835 0.12748999999999999222 0.30278899999999997483 0.41434300000000001685      N
07 0.091633000000000006113 0.58565699999999998315 0.087649000000000004684 0.23505999999999999117      C
08 0.05976100000000000162 0.7888450000000000184 0.055777000000000000191 0.095617999999999994665      C
09 0.8446219999999999839 0.0039839999999999996944 0.15139400000000000079      0      A
10 0.0079679999999999993887 0.97609599999999996367      0 0.015935999999999998777      C
11      0 0.99601600000000001245      0 0.0039839999999999996944      C
12      0 0.0039839999999999996944 0.99601600000000001245      0      G
13      1      0      0      0      A
14      0 0.99601600000000001245      0 0.0039839999999999996944      C
15 0.94023900000000004695 0.0039839999999999996944 0.051792999999999998761 0.0039839999999999996944      A
16 0.37450200000000000156 0.38246999999999997666 0.11155400000000000038 0.13147400000000000753      M
17 0.39840599999999998237 0.17928299999999999792 0.019920000000000000207 0.40239000000000002544      W
XX
//
AC M06708
XX
P0      A      C      G      T
01 0.039604000000000000314 0.0099010000000000000786 0.0099010000000000000786 0.94059400000000004116      T
02 0.029703000000000000236      0      0 0.97029699999999996507      T
03 0.029703000000000000236 0.039604000000000000314 0.0099010000000000000786 0.92079200000000005488      T
04 0.85148500000000004739      0 0.11881200000000000094 0.029703000000000000236      A
05      0 0.86138599999999998502      0 0.13861399999999998722      C
06 0.069306999999999993611 0.0099010000000000000786 0.90098999999999995758 0.019802000000000000157      G
07 0.089108999999999993769 0.019802000000000000157 0.39604000000000000314 0.49504999999999999005      K
08      0      0 0.019802000000000000157 0.98019800000000001372      T
09 0.0099010000000000000786      0      0 0.99009899999999995135      T
10 0.029703000000000000236      0 0.0099010000000000000786 0.96039600000000002744      T
11 0.029703000000000000236 0.019802000000000000157      0 0.95049499999999997879      T
12 0.019802000000000000157      0 0.92079200000000005488 0.059406000000000000472      G
13 0.089108999999999993769      0 0.91089100000000000623      0      G
14      0 0.91089100000000000623 0.019802000000000000157 0.069306999999999993611      C
15 0.059406000000000000472 0.0099010000000000000786 0.91089100000000000623 0.019802000000000000157      G
16 0.15841600000000000126 0.019802000000000000157 0.80198000000000002618 0.019802000000000000157      G
17 0.34653499999999998193      0 0.65346499999999996255      0      R
18 0.94059400000000004116      0 0.059406000000000000472      0      A
19 0.96039600000000002744 0.019802000000000000157 0.019802000000000000157      0      A
20 0.98019800000000001372      0 0.0099010000000000000786 0.0099010000000000000786      A
21 0.89108900000000001995 0.0099010000000000000786 0.0099010000000000000786 0.089108999999999993769      A
XX
//
AC M07138
XX
P0      A      C      G      T
01 0.38590600000000002678 0.23657700000000000951 0.1526849999999999874 0.22483200000000000407      N
02 0.51174500000000000544 0.15436199999999999921 0.18288599999999999302 0.15100700000000000234      A
03 0.71644300000000005202 0.033556999999999996553 0.06040299999999999836 0.18959699999999998776      A
04 0.93120800000000003571 0.0016780000000000000211      0 0.067113999999999993107      A
05      1      0      0      0      A
06 0.99664399999999997437      0 0.0033560000000000000421      0      A
07 0.026845999999999998337      0 0.0016780000000000000211 0.97147700000000003495      T
08      1      0      0      0      A
09      0      0      0      1      T
10      0      1      0      0      C
11 0.048657999999999999863 0.073826000000000002732 0.0033560000000000000421 0.87416099999999996584      T
XX
//
AC M06790
XX
P0      A      C      G      T
01 0.33862399999999998057 0.097002000000000004887 0.31216899999999997428 0.25220500000000001251      N
02 0.32980599999999998806 0.15873000000000000997 0.22927700000000000857 0.28218700000000002115      N
03 0.14462099999999999955 0.16578499999999998793 0.11463800000000000379 0.57495600000000002261      T
04 0.074074000000000000954 0.021163999999999998786 0.88183400000000000674 0.022928000000000000463      G
05 0.57672000000000001041 0.16578499999999998793 0.21516799999999999815 0.042327999999999997571      A
06 0.0052909999999999996964 0.051145999999999997021 0.003527000000000000187 0.94003499999999995396      T
07      0      0 0.9647270000000000012 0.035272999999999998799      G
08 0.9982360000000000122      0 0.001763999999999999943      0      A
09      0 0.98941800000000001969      0 0.010581999999999999393      C
10      0 0.0052909999999999996964 0.99470899999999995433      0      G
11      0      0      0      1      T
12 0.033509999999999998122 0.26984099999999999753 0.69135800000000002807 0.0052909999999999996964      G
13 0.23280400000000001093      0 0.55202799999999996317 0.21516799999999999815      G
14 0.18342200000000000171 0.64726600000000000801 0.024691000000000001141 0.14462099999999999955      C
15 0.33156999999999997586 0.34391500000000002624 0.14814800000000000191 0.176366999999999996      N
XX
//
AC M06993
XX
P0      A      C      G      T
01 0.48630099999999998328 0.11986299999999999732 0.1455480000000000107 0.24828800000000000869      N
02 0.22260299999999999532 0.34246599999999999264 0.27397300000000002207 0.16095899999999999097      N
03 0.15753400000000000736 0.068492999999999998328 0.020548000000000000292 0.75342500000000001137      T
04 0.08219200000000000117 0.011986000000000000126 0.041096000000000000585 0.86472599999999999465      T
05 0.30137000000000002675 0.063355999999999995653 0.10616399999999999448 0.52910999999999996923      W
06 0.04623300000000000326 0.94520499999999996188 0.0085620000000000001661      0      C
07      0 0.78938399999999997458 0.0017119999999999999801 0.20890400000000000635      C
08 0.40239700000000000468 0.29794500000000001538 0.068492999999999998328 0.23116400000000000836      N
09 0.70034200000000002007 0.058218999999999999917 0.09246600000000000652 0.14897299999999999431      A
10 0.96917799999999998395 0.0017119999999999999801 0.017122999999999999332 0.011986000000000000126      A
11 0.69862999999999997325 0.0017119999999999999801 0.0051370000000000000731 0.29452099999999997726      A
12 0.58904100000000003678 0.08219200000000000117 0.1558219999999999883 0.17294499999999998763      A
13 0.41952099999999997726 0.097602999999999995318 0.1455480000000000107 0.33732899999999998997      W
14 0.26883600000000001939      0 0.73116400000000003612      0      G
15      0      0 0.99828799999999995318 0.0017119999999999999801      G
16 0.78253399999999995185 0.04623300000000000326 0.018835999999999998578 0.15239700000000000468      A
17 0.96917799999999998395 0.003425000000000000093      0 0.027397000000000001213      A
18 0.84075299999999997258 0.010274000000000000146 0.065068000000000000838 0.083904000000000006354      A
19 0.15924699999999999966 0.23801400000000000334 0.40239700000000000468 0.20034199999999999231      N
20 0.33219199999999998729 0.14041100000000000803 0.078767000000000003679 0.44862999999999997325      W
21  0.375 0.13013700000000000268 0.10958900000000000585 0.38527400000000000535      W
XX
//
AC M06645
XX
P0      A      C      G      T
01 0.07079599999999999782 0.54424799999999995403 0.1504419999999999924 0.23451299999999999923      C
02 0.21238899999999999446 0.63716799999999995663      0 0.1504419999999999924      C
03 0.19469000000000000195 0.057521999999999996744 0.34070800000000001084 0.40707999999999999741      N
04 0.048673000000000000986 0.81858399999999997831 0.097345000000000000973 0.03539799999999999891      C
05 0.053096999999999998365 0.91592899999999999316      0 0.030973000000000000531      C
06 0.11504399999999999349 0.0088500000000000002276 0.76991200000000004078 0.10619499999999999773      G
07      0      1      0      0      C
08      0      1      0      0      C
09 0.053096999999999998365      0 0.92035400000000000542 0.026548999999999999683      G
10      0 0.84070800000000001084      0 0.15929199999999998916      C
11 0.07079599999999999782 0.91592899999999999316      0 0.013273999999999999341      C
12 0.38495600000000002039 0.044248000000000002607 0.46460200000000001497 0.10619499999999999773      R
13 0.057521999999999996744 0.70354000000000005421 0.039822999999999997289 0.19911499999999998645      C
14 0.13716800000000001214 0.55309699999999994979 0.11504399999999999349 0.19469000000000000195      C
15 0.29203499999999998904 0.044248000000000002607 0.38938099999999997713 0.27433600000000002428      N
16 0.15486700000000000466 0.56194699999999997431 0.075220999999999996199 0.20796500000000001096      C
17 0.24778800000000000825 0.47345100000000001073 0.10619499999999999773 0.17256599999999999717      N
18 0.21238899999999999446 0.079645999999999994579 0.42035400000000000542 0.28761100000000000554      N
19 0.057521999999999996744 0.71681399999999995121 0.11061899999999999511 0.11504399999999999349      C
20 0.061947000000000002062 0.63716799999999995663 0.097345000000000000973 0.2035399999999999987      C
21 0.22123899999999999122 0.1504419999999999924 0.40265499999999998515 0.22566400000000000348      N
XX
//
AC M07406
XX
P0      A      C      G      T
01 0.49498300000000000631 0.21237500000000000822 0.12040099999999999414 0.17224100000000000521      N
02 0.65217400000000003146 0.10869600000000000095 0.093645000000000006013 0.14548500000000000321      A
03 0.70568600000000003547 0.048495000000000003382 0.056855999999999996819 0.18896299999999999208      A
04 0.79933100000000001373 0.010033000000000000251 0.16555200000000000471 0.025083999999999998659      A
05      0      0      1      0      G
06      0      0      0      1      T
07      0      1      0      0      C
08 0.99665599999999998637 0.0033440000000000001841      0      0      A
09 0.98996700000000004138      0 0.010033000000000000251      0      A
10 0.28428100000000000591 0.59699000000000002064 0.025083999999999998659 0.093645000000000006013      C
11 0.22575300000000000922 0.14213999999999998858 0.45317699999999999649 0.17893000000000000571      N
12 0.35953200000000001824 0.21906400000000000872 0.16053500000000001102 0.26086999999999999078      N
13 0.28428100000000000591 0.26755899999999999128 0.093645000000000006013 0.35451500000000002455      N
XX
//
AC M07193
XX
P0      A      C      G      T
01 0.16778499999999998971 0.093960000000000001852 0.63422800000000001397 0.10402699999999999447      G
02 0.036913000000000001366 0.95805399999999996119      0 0.00503400000000000028      C
03      0      0 0.29362399999999999611 0.70637600000000000389      T
04      0      0      0      1      T
05 0.16778499999999998971 0.24832199999999998719 0.50503399999999998293 0.078858999999999998542      G
06 0.39094000000000000972 0.14932899999999998952 0.090604000000000003978 0.36912800000000001166      W
07 0.45301999999999997826 0.072148000000000003795 0.19966400000000000814 0.27516800000000002369      N
08 0.28691299999999997361 0.17617399999999999727 0.13422799999999998621 0.40268500000000001515      N
09 0.15771799999999999708 0.21812100000000000932 0.095638000000000000789 0.52852299999999996505      T
10 0.19463099999999999845 0.14765100000000000446 0.20302000000000000601 0.45469799999999999107      N
11 0.00503400000000000028 0.42281900000000000039 0.083892999999999995353 0.48825499999999999456      Y
12 0.99664399999999997437 0.0033560000000000000421      0      0      A
13 0.36577199999999998603 0.63422800000000001397      0      0      M
14      0      0 0.90939599999999998214 0.090604000000000003978      G
15 0.063757999999999995233 0.42617399999999999727 0.035235000000000002429 0.47483199999999997631      Y
16 0.3892619999999999969 0.15604000000000001203 0.00503400000000000028 0.44966400000000000814      W
17 0.79865799999999997905      0 0.00503400000000000028 0.19630900000000001127      A
XX
//
AC M06578
XX
P0      A      C      G      T
01 0.17666699999999999071 0.38833299999999998375 0.14000000000000001332 0.29499999999999998446      N
02 0.22666700000000000736 0.48499999999999998668 0.048333000000000000962 0.23999999999999999112      N
03 0.24833299999999999819 0.10166699999999999349 0.28666700000000000514 0.36333300000000001706      N
04 0.12333299999999999819 0.53833299999999995045 0.12166699999999999737 0.21666699999999999848      C
05 0.096667000000000002924 0.84499999999999997335 0.031667000000000000703 0.026666999999999999732      C
06 0.75166699999999997406 0.0016670000000000000789 0.24666699999999999737      0      A
07 0.0050000000000000001041 0.9933330000000000215      0 0.0016670000000000000789      C
08 0.0016670000000000000789 0.99666699999999996962 0.0016670000000000000789      0      C
09      0 0.0016670000000000000789 0.99499999999999999556 0.0033330000000000000251      G
10 0.48666700000000001625 0.20999999999999999223 0.033333000000000001517 0.27000000000000001776      W
11 0.010000000000000000208 0.98833300000000001706      0 0.0016670000000000000789      C
12 0.38000000000000000444 0.51000000000000000888 0.02999999999999999889 0.080000000000000001665      M
13 0.5250000000000000222 0.18333299999999999597 0.038332999999999999019 0.25333299999999997487      A
14 0.30666700000000002291 0.22000000000000000111 0.04333300000000000346 0.42999999999999999334      N
XX
//
AC M10445
XX
P0      A      C      G      T
01 0.10344827586206900571 0.31034482758620701714 0.13793103448275900735 0.4482758620689660245      Y
02 0.27586206896551701551 0.24137931034482801307 0.034482758620689703266 0.4482758620689660245      N
03 0.06896551724137929551 0.10344827586206900571 0.31034482758620701714 0.51724137931034497306      K
04 0.10344827586206900571 0.58620689655172397714 0.27586206896551701551 0.034482758620689703266      C
05      0 0.24137931034482801307 0.75862068965517204244      0      G
06      0      1      0      0      C
07      0      0      1      0      G
08      0 0.8965517241379310498 0.10344827586206900571      0      C
09      0 0.51724137931034497306 0.4482758620689660245 0.034482758620689703266      S
10 0.8965517241379310498 0.06896551724137929551 0.034482758620689703266      0      A
11 0.86206896551724099265 0.06896551724137929551 0.034482758620689703266 0.034482758620689703266      A
12 0.75862068965517204244 0.06896551724137929551 0.10344827586206900571 0.06896551724137929551      A
XX
//
AC M01634
XX
P0      A      C      G      T
01 0.22863608230872300986 0.24767851116556099944 0.2526819489860839818 0.2710034575396320089      N
02 0.1938195352059559895 0.32276596535918500308 0.25137038658114302381 0.23204411285371601137      N
03 0.22629204372087699526 0.34440779086111800167 0.24028516221283299781 0.18901500320517100606      N
04 0.17026248252383599513 0.00011050895311631699699 0.79420471928842595322 0.035422289234621998077      G
05 0.020174903370787800744 0.63551737060063695495 0.30933951387922198339 0.034968212149353201934      C
06 5.4970203059423702308e-06 0.99869647319689802689 0.00068143862069001102932 0.00061659116210554805286      C
07 6.0824275980630496843e-06 9.1651100807880903228e-06 0.99989333798219304228 9.1414480128735803375e-05      G
08 0.2087912516022520093 0.48849779445077701201 0.00043663178239818599413 0.30227432216457300607      Y
09 0.30440592299071700388 0.32001314840310401966 0.15891382653578600692 0.21666710207039299729      N
10 0.35304626544069001026 0.18991927472727698767 0.22965980654394799187 0.2273746532880860094      N
XX
//
AC M06569
XX
P0      A      C      G      T
01 0.26094299999999998052 0.34848499999999998922 0.17171700000000000852 0.21885499999999999399      N
02 0.35185199999999999809 0.20202000000000000512 0.19023599999999998844 0.25589200000000000834      N
03 0.24747500000000000053 0.23737400000000000166 0.16330000000000000071 0.35185199999999999809      N
04 0.29124600000000000488 0.37036999999999997701 0.084174999999999999822 0.25420900000000001828      N
05 0.30471399999999998487 0.1548819999999999919 0.22390599999999999392 0.31649800000000000155      N
06 0.17845099999999999851 0.35016799999999997928 0.14309800000000000297 0.32828299999999999148      N
07 0.14646500000000001185 0.69023599999999996069 0.04377099999999999741 0.11952899999999999636      C
08 0.67508400000000001739      0 0.2272730000000000028 0.097642999999999993688      A
09      0      1      0      0      C
10 0.0016839999999999999501 0.99831599999999998118      0      0      C
11      0      0      1      0      G
12 0.43097600000000002574 0.03535399999999999654 0.094275999999999998691 0.43939400000000000679      W
13      0      1      0      0      C
14 0.27104400000000000714 0.60437700000000005307 0.040404000000000002413 0.084174999999999999822      C
15 0.5875420000000000087 0.10437699999999999756 0.075758000000000005891 0.23232300000000000173      A
XX
//
AC M07943
XX
P0      A      C      G      T
01 0.070000000000000006661 0.2999999999999999889 0.62199999999999999734 0.0080000000000000001665      G
02      0 0.045999999999999999223 0.95399999999999995914      0      G
03 0.0020000000000000000416 0.98799999999999998934      0 0.010000000000000000208      C
04 0.016000000000000000333      0 0.93999999999999994671 0.043999999999999997446      G
05      0 0.24199999999999999289 0.75800000000000000711      0      G
06 0.048000000000000000999 0.15800000000000000155 0.78200000000000002842 0.01200000000000000025      G
07 0.78600000000000003197 0.087999999999999994893 0.084000000000000005218 0.042000000000000002609      A
08 0.66200000000000003286 0.051999999999999997613 0.25400000000000000355 0.032000000000000000666      A
09 0.48399999999999998579 0.11799999999999999378 0.26400000000000001243 0.13400000000000000799      N
10 0.25400000000000000355 0.15800000000000000155 0.20200000000000001288 0.38600000000000000977      N
11 0.13200000000000000622 0.24599999999999999645 0.24399999999999999467 0.37800000000000000266      N
12 0.07199999999999999456 0.29399999999999998357 0.3499999999999999778 0.28399999999999997469      N
13 0.26800000000000001599 0.23799999999999998934 0.38200000000000000622 0.11200000000000000233      N
14 0.42399999999999998801 0.19800000000000000933 0.29599999999999998535 0.082000000000000003442      N
15 0.36799999999999999378 0.18199999999999999512 0.30399999999999999245 0.1459999999999999909      N
XX
//
AC M06585
XX
P0      A      C      G      T
01 0.19753100000000001213 0.44268099999999999117 0.13756599999999999384 0.22222200000000000286      N
02 0.25220500000000001251 0.16754900000000000349 0.34567900000000001404 0.23456799999999999873      N
03 0.15343899999999999206 0.45326300000000002699 0.11463800000000000379 0.27866000000000001879      N
04 0.17283999999999999364 0.51675499999999996437 0.10934699999999999975 0.20105799999999998673      C
05 0.26807799999999998297 0.095238000000000003209 0.37918899999999999828 0.25749600000000000266      N
06 0.14814800000000000191 0.46913599999999999746 0.13403899999999999149 0.24867700000000000915      N
07 0.19929499999999999993 0.51675499999999996437 0.082891999999999993465 0.20105799999999998673      C
08 0.30864200000000002744 0.12698400000000001353 0.31216899999999997428 0.25220500000000001251      N
09 0.15696599999999999442 0.42504399999999997739 0.13051099999999998813 0.2874780000000000113      N
10 0.13580200000000000604 0.65255700000000005367 0.028219000000000001027 0.18342200000000000171      C
11 0.20105799999999998673 0.059964999999999997471 0.37742500000000001048 0.3615519999999999845      N
12 0.054674000000000000377 0.70194000000000000838 0.15343899999999999206 0.089946999999999999176      C
13 0.11111100000000000143 0.8888890000000000402      0      0      C
14 0.015873000000000001691      0 0.98060000000000002718 0.003527000000000000187      G
15      0 0.99294499999999996653 0.003527000000000000187 0.003527000000000000187      C
16      0      1      0      0      C
17 0.0176369999999999999      0 0.98236299999999998622      0      G
18 0.0070549999999999996395 0.66313900000000003399 0.0088179999999999994498 0.32098799999999999555      C
19 0.17813100000000001155 0.70370399999999999618 0.015873000000000001691 0.10229299999999999504      C
20 0.54144599999999998285 0.015873000000000001691 0.2892419999999999991 0.15343899999999999206      R
XX
//
AC M08425
XX
P0      A      C      G      T
01 0.20608108108100001155 0.7488738738739999512 0.025900900900900001439 0.01914414414410000112      C
02 0.015765765765798401415 0.76914414414392295871 0.01126126126129890076 0.2038288288289800132      C
03 0.72184684684714395253 0.096846846846819406585 0.079954954955016005469 0.10135135135101999704      A
04 0.86261261261300004044      0 0.027027027027000001536 0.1103603603600000066      A
05 0.96621621621618403175      0 0.0090090090090117098953 0.024774774774804698974      A
06 0.8468468468472030164      0 0.0067567567567616204291 0.14639639639603499455      A
07 0.75788288288315197594      0 0.087837837837817595021 0.15427927927903101191      A
08 0.37837837837807597463 0.063063063063112601014 0.041666666666708297717 0.51689189189210305031      W
09 0.29504504504497097717 0.010135135135098999673 0.69481981981993101716      0      G
10      0 0.014639639639598500329 0.96283783783790399813 0.022522522522497701036      G
11 0.71509009009007196145 0.10022522522500999786 0.05292792792790530082 0.13175675675701301048      A
12 0.87274774774782504227 0.057432432432388498544      0 0.069819819819785994275      A
13 0.85810810810808602067 0.038288288288303801155 0.030405405405402999297 0.073198198198207303777      A
14 0.38175675675699999312 0.12725225225199998658 0.29729729729699999607 0.19369369369399999647      N
15 0.42567567567600000933 0.11148648648599999988 0.13851351351399998624 0.32432432432399999067      N
XX
//
AC M07232
XX
P0      A      C      G      T
01 0.13539699999999998958 0.058027000000000002189 0.025145000000000000684 0.78143099999999998673      T
02 0.26499000000000000332 0.048356000000000003147 0.25918799999999997397 0.42746600000000001263      N
03 0.26499000000000000332 0.29013499999999997625 0.2727269999999999972 0.17214699999999999447      N
04 0.032882000000000001505 0.93423599999999995536 0.0096710000000000007764 0.023210999999999998994      C
05      0 0.036749999999999997946 0.41586099999999998067 0.54738900000000001445      K
06      0 0.042553000000000000547 0.0096710000000000007764 0.94777599999999995184      T
07 0.11798799999999999566 0.23404300000000000104 0.58413899999999996382 0.063829999999999997851      G
08 0.23017399999999998972 0.19342400000000001259 0.10251499999999999502 0.47388799999999997592      N
09 0.24177899999999999392 0.25918799999999997397 0.22050300000000000455 0.2785299999999999998      N
10 0.19922599999999998643 0.3539649999999999741 0.23210800000000000876 0.21470000000000000195      N
11 0.23597699999999999232 0.29787200000000002564 0.19342400000000001259 0.2727269999999999972      N
12 0.41586099999999998067 0.10058000000000000274 0.22630600000000000716 0.25725300000000000944      N
13      0 0.72920700000000004959 0.0096710000000000007764 0.26112200000000002076      C
14      1      0      0      0      A
15 0.13733100000000000862 0.86266900000000001913      0      0      C
16 0.0038679999999999999105      0 0.98259200000000002095 0.013539999999999999952      G
17 0.085106000000000001093 0.29013499999999997625 0.11025100000000000178 0.51450700000000004763      Y
18 0.32688600000000000989 0.26885900000000001464 0.032882000000000001505 0.37137300000000000866      N
19 0.82398499999999996746 0.019342000000000001553 0.0019339999999999999553 0.15473899999999998767      A
20 0.17214699999999999447 0.44874300000000000299 0.12959399999999998698 0.2495159999999999878      N
21 0.11411999999999999922 0.55705999999999999961 0.19729199999999999515 0.13152800000000000602      C
XX
//
AC M07084
XX
P0      A      C      G      T
01 0.20599300000000000943 0.41385800000000000365 0.14981300000000000172 0.2303369999999999862      N
02 0.29587999999999997636 0.2396999999999999964 0.1254679999999999962 0.33895100000000000229      N
03 0.18913900000000000157 0.34082400000000001583 0.16479399999999999604 0.30524299999999998656      N
04 0.22097400000000000375 0.41760300000000000198 0.11423200000000000021 0.24719099999999999406      N
05 0.41760300000000000198 0.20037499999999999756 0.17790300000000000558 0.20411999999999999589      N
06 0.38763999999999998458 0.23782800000000001162 0.13108600000000000807 0.24344599999999999573      N
07 0.34831499999999998574 0.29213499999999997803 0.076779000000000000026 0.28277200000000002333      N
08 0.39887600000000000833 0.19101099999999998635 0.10861400000000000221 0.30149799999999998823      N
09 0.23220999999999999974 0.29026200000000001999 0.15168499999999998651 0.32584299999999999375      N
10 0.28089900000000000979 0.34082400000000001583 0.080523999999999998356 0.2977529999999999899      N
11 0.17602999999999999203 0.32771499999999997854 0.11423200000000000021 0.38202199999999997271      N
12 0.082396999999999998021 0.45131100000000001771 0.059924999999999999101 0.40636699999999997823      Y
13 0.14793999999999998818 0.70786499999999996646 0.0018730000000000000988 0.14232200000000000406      C
14 0.98501899999999997792 0.0093629999999999997951 0.0018730000000000000988 0.0037450000000000000649      A
15 0.074906000000000000361 0.90262200000000003541 0.01310900000000000086 0.0093629999999999997951      C
16 0.0056179999999999997301 0.99438199999999998813      0      0      C
17 0.71348299999999997834      0      0 0.28651700000000002166      A
18 0.93632999999999999563 0.03745300000000000018 0.0037450000000000000649 0.02247199999999999892      A
19 0.22659199999999998787 0.72471900000000000208 0.02996300000000000005 0.01872700000000000059      C
20 0.10299600000000000422 0.65543099999999998584 0.02996300000000000005 0.21160999999999999255      C
21 0.38389499999999998625 0.29026200000000001999 0.10299600000000000422 0.22284599999999998854      N
XX
//
AC M06847
XX
P0      A      C      G      T
01 0.1683330000000000104 0.13000000000000000444 0.2383329999999999893 0.46333299999999999486      N
02  0.125 0.25166699999999997406 0.085000000000000006106 0.53833299999999995045      T
03 0.29499999999999998446 0.18499999999999999778 0.044999999999999998335 0.4749999999999999778      W
04 0.5316670000000000007 0.23000000000000000999 0.14166699999999998738 0.096667000000000002924      A
05      0      1      0      0      C
06      0      0      0      1      T
07      0      0 0.0016670000000000000789 0.99833300000000002594      T
08      0      0      0      1      T
09 0.22500000000000000555      0      0 0.7750000000000000222      T
10 0.06500000000000000222 0.091666999999999998483 0.016667000000000001259 0.82666700000000004067      T
11 0.21499999999999999667 0.29166700000000000959 0.2933330000000000104 0.2000000000000000111      N
12 0.21499999999999999667 0.35166700000000000736 0.17833299999999999153 0.25500000000000000444      N
13 0.14499999999999999001 0.31500000000000000222 0.09500000000000000111 0.44500000000000000666      Y
14 0.13833300000000001151 0.16333300000000000596 0.093332999999999999297 0.60499999999999998224      T
15 0.14833299999999999264 0.091666999999999998483 0.098333000000000003737 0.66166700000000000514      T
16 0.17333299999999998708 0.2000000000000000111 0.080000000000000001665 0.54666700000000001403      T
17 0.20999999999999999223 0.15333299999999999708 0.091666999999999998483 0.54500000000000003997      T
18 0.22000000000000000111 0.15333299999999999708 0.14666699999999999182 0.47999999999999998224      N
